File ADT# Time#1  Ignore
 
File1 8   0.242904     0      
File2 8   0.189518     0      
File3 8   0.194864     0      
File4 8   0.349884     0      
 
File1 9   0.067366     0      
File2 9   0.055077     0      
File3 9   0.048579     0      
File4 9   0.261973     0      
 
M,L        3,1          3,200        1000,2      1000,200
File1 10   0.183416     0.185043     0.865693     0.473322           
File2 10   0.287171     0.33796     1.28988     0.607861           
File3 10   0.166791     0.275305     0.846657     0.590991           
File4 10   0.513102     0.411623     1.29385     0.636272           
 
Load factor 0.5		1	     10	          100	      1000
HT Size	   1000000	500000	     50000	  5000	      500
File1 11   0.089444     0.081955     0.093073     0.603218     8.36913           
File2 11   0.060411     0.058351     0.063904     0.2744     2.51523           
File3 11   0.059756     0.058189     0.061122     0.215972     1.94811           
File4 11   0.125536     0.135583     0.121846     0.358034     2.76989           
 
Load factor 0.1		.25	     .5		 1	      2
HT Size	   5000000	2000000	     1000000	 500000	      250000
File1 12   0.046611     0.048357     0.046038     0.065454     0.077841           
File2 12   0.044236     0.044517     0.044548     0.054258     0.058977           
File3 12   0.043461     0.042636     0.042583     0.052173     0.056951           
File4 12   0.051673     0.051086     0.051095     0.061711     0.066297           
 
File1 13   0.038958     0      
File2 13   0.10556     0      
File3 13   0.106582     0      
File4 13   0.125747     1e-06      
 
Load factor 0.1		.25	     .5		 1	      2
HT Size	   5000000	2000000	     1000000	 500000	      250000
File1 14   0.094718     0.077441     0.067997     0.090088     0.099515           
File2 14   0.069404     0.06089     0.05611     0.065657     0.071291           
File3 14   0.068757     0.060121     0.055611     0.064599     0.070108           
File4 14   0.088573     0.089734     0.084424     0.111172     0.107399           
