File ADT# Time#1  Ignore
 
File1 6   0.154912     0      
File2 6   0.131811     0      
File3 6   0.134858     0      
File4 6   0.335621     0      
 
File1 7    
File2 7   287.522     1e-06      
File3 7    
File4 7   0.180539     1e-06      
 
File1 8   0.214109     0      
File2 8   0.170838     0      
File3 8   0.175462     0      
File4 8   0.312645     0      
 
File1 9   0.061435     0      
File2 9   0.049827     0      
File3 9   0.044419     1e-06      
File4 9   0.240637     0      
 
M,L        3,1          3,200        1000,2      1000,200
File1 10   0.1668     0.167559     0.784005     0.429235           
File2 10   0.259311     0.303769     1.16784     0.576646           
File3 10   0.152519     0.252954     0.766542     0.534682           
File4 10   0.446666     0.366212     1.17448     0.57392           
 
Load factor 0.5		1	     10	          100	      1000
HT Size	   1000000	500000	     50000	  5000	      500
File1 11   0.080783     0.076638     0.080858     0.48628     6.51706           
File2 11   0.054295     0.052535     0.059261     0.239073     2.26497           
File3 11   0.054205     0.053143     0.055296     0.161339     1.39487           
File4 11   0.105641     0.112071     0.107153     0.320141     2.52451           
 
Load factor 0.1		.25	     .5		 1	      2
HT Size	   5000000	2000000	     1000000	 500000	      250000
File1 12   0.04138     0.040233     0.039446     0.057503     0.065989           
File2 12   0.039476     0.038467     0.038386     0.046944     0.051618           
File3 12   0.039825     0.038531     0.038344     0.047062     0.051668           
File4 12   0.049216     0.045383     0.04355     0.053111     0.05857           
 
File1 13   0.035721     0      
File2 13   0.095293     0      
File3 13   0.102292     1e-06      
File4 13   0.113543     0      
 
Load factor 0.1		.25	     .5		 1	      2
HT Size	   5000000	2000000	     1000000	 500000	      250000
File1 14   0.083928     0.068368     0.060605     0.078755     0.089183           
File2 14   0.06352     0.054685     0.050064     0.059182     0.064021           
File3 14   0.06348     0.055397     0.050694     0.059143     0.063876           
File4 14   0.083733     0.079704     0.074704     0.092606     0.0977           
